111.

1111117111 49 27 Ε1 11111111 111711 1111711 111711
mo) Β111 7711171117 Ρ171171 Ν111111 mum
1111111111 11111, (11177111711-77117117,1111711111
911111111111111111111, 11171111 1111111111111171111
1111111111 1Β11171, 79, 15 Ρ717 111111111111111111
1177 1117111111 17111171) 71, 1, 1111111111 11771111 11111771
1711111111 27, 28 0111111111111111111111
1117111111 (1111, 111) 71. ³e 11111111 speciem (111111
1117111111) 11111111711711 1111111 [1111117771 771111. 4,
32 (711711111111111111177 (m) 17117111111171
1111711011-,11111 11111, 1,) 11111111111111 1111111 1117
1111, 71, e 1111111 7111171111111771111111111) 1117771117
1111,,,,6ῑ,,2, ,7711117117 1111171111, 1171117111111711
111 (111111171111171111111111), Ζ11171.3,7 77117
1111171111111 11111111, qui 71111717 1111111111 (111
11111111», s ' , ,
ῚῚ1ι7)),1717111111 1111111, 7110111111 101171 ,1111771111
11711111 ,1117171 11171111, quae 7171111171177711117
11111111 1771711111111111 1111111111111117711111,ι
1111111171 111 1111111, 11111771 7777177711111111111111
quam in 1117171 1111111171 177111111111.,,.7111111
711111111111,11111)17 7711711111117111 1111117111,
’,11111717 7711171171 111711117117,1]1111 7111171111

0171717, (7171171771 5711117111 (1117171111>

 

