’ 11111111111111111101111111111111811111 (1111
1111111111,ηὲ ο11111ο1οοο11111 (11· 111111111111111111
including 111111 gn works 111111111111111111111111
extends 1111111111111111 foreign 11111111 11111111

, 101111111111111, 1111111111 1111111111111, 1111111111

[11111111111111111111111111111111111111111111 ·
11111101111111111111111111111111111(111111011111111
1111111111 1111111111 11111 1111111111111111111111 1111110111
1111111011111111111111111111111 1111111, 1111111111111
1111111111111 (111111111111111 111111) 1ο1·11111111111 1111
1111111111,1”11111111111111111111111111111111111111

1111111111111111111111111111111111111111111111111111111 1
1111111111 1,111111111111111 1111 1111111 ··1111 1111111111 111v

 

