111 ’

1003101011010 0031133103 313-
3111310 11011030 30311330, 33011 00303

3101011133 ,33033 1313310300·εο 1333131
Q 13013 03313130 ἰ1 1333333 3031000111
3131313333 3103010313 110 103000 311113
11131331, 101113·ῑο 1111 0301313003111, ..Qui
3131011333 Q 3113031103, 130031 131130.-
1311. 310011101033311103313 31111311, 3003
0331330033 31133 3031 ’31131333 3011313.-
Qut· 1130111313 31010 1130313311 »8113
1111110113ῐο 03111 30 1100033111, 3011130131311011113
Ι111 33 013111333131303131111113011111133001111
QQiQo 111101· 01111103 3111 1111133 1111011113103 13-
3113 3311313 1313311 »1113 3110 ,30303311
1103333013131313011033131013100301113
3131100, 0333013 3303331, 1311 313133 111133-
1313 0331133311, ve] 1131131· 3130111303 33
03311003033130, 131 1130131 133313 Q
,3011313110 0111110133 3130133113 3133313303,
1311113111 313111331111100100133 1103103-
11030 00111111 11030111, 311 01 11301113, 1111011 1131·
’ 30031113 33301, 11103113 100 3111111001· 11100-
30011100 013110 111311 11311 0111, 131, 1111011 00110

inde ab concilii 11103001 1011111010 3001111330

 

