ffiss

11)1111111111111111111111111111111,11111111,
1111111111 (111111111111111111111111111111111111111,
¹ ,-111111111111111111111111111111,1111111111,1111111111 ¹
,111111111111111111111111111111111111111111111,1111111111,
1111111111-ὶέ11111111111111111111111111111111111 ζ
- 591111131111111111111 (1111111111111111111111111111111111

1111111111» ,1111111111111611111 11111-
.111,1111111111,1111111111(1111111111111,
1111111111111111111111111)11111 11111111111111111111111111111111,
Quod ausus 111·.1111)11111)1111 1111111111411111111
1111111 (1111 ’111111-,1111111 111 3201111111111111111111111111,1111
1111111111)11111111111111111111111, 11111111 1111111
1111111,1111111111111111111 1111111111111111111111111,111111-

Pto
,1111 11111· sul
,1111 1111111 regem 1111111 111111)111111111111111111111111
1111111111 11111111111111 ,1111111111111111111111111111,
-1111111111111111 11111111,111111111,,1111)1111111, 1111111, 11111111
11 1111111111. (1111111111 1111111111111, 1111111111

 

